# Time Tags Distribution
# 2016-02-18 12:52:12
# Unit Time Diff: s
# Unit Count: 1
# Time Diff ; Count
 0.0000000E+000 ;  0.0000000E+000
 8.1081081E-010 ;  0.0000000E+000
 1.6216216E-009 ;  0.0000000E+000
 2.4324324E-009 ;  0.0000000E+000
 3.2432432E-009 ;  0.0000000E+000
 4.0540541E-009 ;  0.0000000E+000
 4.8648649E-009 ;  0.0000000E+000
 5.6756757E-009 ;  0.0000000E+000
 6.4864865E-009 ;  0.0000000E+000
 7.2972973E-009 ;  0.0000000E+000
 8.1081081E-009 ;  0.0000000E+000
 8.9189189E-009 ;  0.0000000E+000
 9.7297297E-009 ;  0.0000000E+000
 1.0540541E-008 ;  0.0000000E+000
 1.1351351E-008 ;  0.0000000E+000
 1.2162162E-008 ;  0.0000000E+000
 1.2972973E-008 ;  0.0000000E+000
 1.3783784E-008 ;  0.0000000E+000
 1.4594595E-008 ;  0.0000000E+000
 1.5405405E-008 ;  0.0000000E+000
 1.6216216E-008 ;  0.0000000E+000
 1.7027027E-008 ;  0.0000000E+000
 1.7837838E-008 ;  0.0000000E+000
 1.8648649E-008 ;  0.0000000E+000
 1.9459459E-008 ;  0.0000000E+000
 2.0270270E-008 ;  0.0000000E+000
 2.1081081E-008 ;  0.0000000E+000
 2.1891892E-008 ;  0.0000000E+000
 2.2702703E-008 ;  0.0000000E+000
 2.3513514E-008 ;  0.0000000E+000
 2.4324324E-008 ;  0.0000000E+000
 2.5135135E-008 ;  0.0000000E+000
 2.5945946E-008 ;  0.0000000E+000
 2.6756757E-008 ;  0.0000000E+000
 2.7567568E-008 ;  0.0000000E+000
 2.8378378E-008 ;  0.0000000E+000
 2.9189189E-008 ;  0.0000000E+000
 3.0000000E-008 ;  0.0000000E+000
 3.0810811E-008 ;  0.0000000E+000
 3.1621622E-008 ;  0.0000000E+000
 3.2432432E-008 ;  0.0000000E+000
 3.3243243E-008 ;  0.0000000E+000
 3.4054054E-008 ;  0.0000000E+000
 3.4864865E-008 ;  0.0000000E+000
 3.5675676E-008 ;  0.0000000E+000
 3.6486486E-008 ;  0.0000000E+000
 3.7297297E-008 ;  0.0000000E+000
 3.8108108E-008 ;  0.0000000E+000
 3.8918919E-008 ;  0.0000000E+000
 3.9729730E-008 ;  0.0000000E+000
 4.0540541E-008 ;  0.0000000E+000
 4.1351351E-008 ;  0.0000000E+000
 4.2162162E-008 ;  0.0000000E+000
 4.2972973E-008 ;  0.0000000E+000
 4.3783784E-008 ;  0.0000000E+000
 4.4594595E-008 ;  0.0000000E+000
 4.5405405E-008 ;  0.0000000E+000
 4.6216216E-008 ;  0.0000000E+000
 4.7027027E-008 ;  0.0000000E+000
 4.7837838E-008 ;  0.0000000E+000
 4.8648649E-008 ;  1.5138000E+004
 4.9459459E-008 ;  1.5865000E+004
 5.0270270E-008 ;  4.4440000E+003
 5.1081081E-008 ;  1.6750000E+003
 5.1891892E-008 ;  1.5770000E+003
 5.2702703E-008 ;  1.5660000E+003
 5.3513514E-008 ;  1.5860000E+003
 5.4324324E-008 ;  1.5420000E+003
 5.5135135E-008 ;  1.5160000E+003
 5.5945946E-008 ;  1.4230000E+003
 5.6756757E-008 ;  1.3790000E+003
 5.7567568E-008 ;  1.5210000E+003
 5.8378378E-008 ;  1.3060000E+003
 5.9189189E-008 ;  1.4000000E+003
 6.0000000E-008 ;  1.3320000E+003
 6.0810811E-008 ;  1.3430000E+003
 6.1621622E-008 ;  1.3130000E+003
 6.2432432E-008 ;  1.2390000E+003
 6.3243243E-008 ;  1.2680000E+003
 6.4054054E-008 ;  1.2590000E+003
 6.4864865E-008 ;  1.3100000E+003
 6.5675676E-008 ;  1.3300000E+003
 6.6486486E-008 ;  1.2350000E+003
 6.7297297E-008 ;  1.1700000E+003
 6.8108108E-008 ;  1.2550000E+003
 6.8918919E-008 ;  1.1170000E+003
 6.9729730E-008 ;  1.1840000E+003
 7.0540541E-008 ;  1.1770000E+003
 7.1351351E-008 ;  1.1260000E+003
 7.2162162E-008 ;  1.1080000E+003
 7.2972973E-008 ;  1.1750000E+003
 7.3783784E-008 ;  1.1120000E+003
 7.4594595E-008 ;  1.0560000E+003
 7.5405405E-008 ;  1.0670000E+003
 7.6216216E-008 ;  1.1000000E+003
 7.7027027E-008 ;  1.0600000E+003
 7.7837838E-008 ;  1.0180000E+003
 7.8648649E-008 ;  1.0160000E+003
 7.9459459E-008 ;  1.0170000E+003
 8.0270270E-008 ;  1.0060000E+003
 8.1081081E-008 ;  1.0640000E+003
 8.1891892E-008 ;  9.8500000E+002
 8.2702703E-008 ;  9.8700000E+002
 8.3513514E-008 ;  9.8200000E+002
 8.4324324E-008 ;  1.0040000E+003
 8.5135135E-008 ;  9.3700000E+002
 8.5945946E-008 ;  1.0050000E+003
 8.6756757E-008 ;  9.6600000E+002
 8.7567568E-008 ;  8.7400000E+002
 8.8378378E-008 ;  8.8000000E+002
 8.9189189E-008 ;  8.4500000E+002
 9.0000000E-008 ;  9.2500000E+002
 9.0810811E-008 ;  9.2100000E+002
 9.1621622E-008 ;  9.2100000E+002
 9.2432432E-008 ;  8.9500000E+002
 9.3243243E-008 ;  9.0900000E+002
 9.4054054E-008 ;  9.0800000E+002
 9.4864865E-008 ;  9.0200000E+002
 9.5675676E-008 ;  8.8700000E+002
 9.6486486E-008 ;  7.6500000E+002
 9.7297297E-008 ;  8.2400000E+002
 9.8108108E-008 ;  8.7300000E+002
 9.8918919E-008 ;  8.6700000E+002
 9.9729730E-008 ;  7.8800000E+002
 1.0054054E-007 ;  8.3900000E+002
 1.0135135E-007 ;  8.3900000E+002
 1.0216216E-007 ;  8.3800000E+002
 1.0297297E-007 ;  8.2700000E+002
 1.0378378E-007 ;  8.4200000E+002
 1.0459459E-007 ;  8.4100000E+002
 1.0540541E-007 ;  8.3700000E+002
 1.0621622E-007 ;  8.4700000E+002
 1.0702703E-007 ;  7.6200000E+002
 1.0783784E-007 ;  7.5100000E+002
 1.0864865E-007 ;  7.9100000E+002
 1.0945946E-007 ;  7.8200000E+002
 1.1027027E-007 ;  8.1400000E+002
 1.1108108E-007 ;  8.2300000E+002
 1.1189189E-007 ;  8.1400000E+002
 1.1270270E-007 ;  8.1600000E+002
 1.1351351E-007 ;  7.5900000E+002
 1.1432432E-007 ;  7.3400000E+002
 1.1513514E-007 ;  7.5200000E+002
 1.1594595E-007 ;  7.6300000E+002
 1.1675676E-007 ;  7.3300000E+002
 1.1756757E-007 ;  7.6400000E+002
 1.1837838E-007 ;  7.7700000E+002
 1.1918919E-007 ;  8.1200000E+002
 1.2000000E-007 ;  8.2100000E+002
 1.2081081E-007 ;  7.3100000E+002
 1.2162162E-007 ;  7.2700000E+002
 1.2243243E-007 ;  7.1900000E+002
 1.2324324E-007 ;  6.2900000E+002
 1.2405405E-007 ;  6.9500000E+002
 1.2486486E-007 ;  7.2300000E+002
 1.2567568E-007 ;  6.6100000E+002
 1.2648649E-007 ;  7.3000000E+002
 1.2729730E-007 ;  6.9200000E+002
 1.2810811E-007 ;  7.0500000E+002
 1.2891892E-007 ;  7.1600000E+002
 1.2972973E-007 ;  7.1900000E+002
 1.3054054E-007 ;  6.7000000E+002
 1.3135135E-007 ;  6.6200000E+002
 1.3216216E-007 ;  7.0400000E+002
 1.3297297E-007 ;  6.6100000E+002
 1.3378378E-007 ;  6.7200000E+002
 1.3459459E-007 ;  6.8100000E+002
 1.3540541E-007 ;  7.0400000E+002
 1.3621622E-007 ;  6.7400000E+002
 1.3702703E-007 ;  6.9900000E+002
 1.3783784E-007 ;  7.4600000E+002
 1.3864865E-007 ;  7.0900000E+002
 1.3945946E-007 ;  7.2500000E+002
 1.4027027E-007 ;  6.8900000E+002
 1.4108108E-007 ;  6.5000000E+002
 1.4189189E-007 ;  6.5200000E+002
 1.4270270E-007 ;  6.2800000E+002
 1.4351351E-007 ;  6.8700000E+002
 1.4432432E-007 ;  7.1400000E+002
 1.4513514E-007 ;  7.3300000E+002
 1.4594595E-007 ;  6.5500000E+002
 1.4675676E-007 ;  6.5400000E+002
 1.4756757E-007 ;  6.7700000E+002
 1.4837838E-007 ;  6.9800000E+002
 1.4918919E-007 ;  7.2600000E+002
 1.5000000E-007 ;  6.5000000E+002
 1.5081081E-007 ;  6.6500000E+002
 1.5162162E-007 ;  6.8200000E+002
 1.5243243E-007 ;  6.5200000E+002
 1.5324324E-007 ;  6.6100000E+002
 1.5405405E-007 ;  6.7500000E+002
 1.5486486E-007 ;  7.0200000E+002
 1.5567568E-007 ;  6.8900000E+002
 1.5648649E-007 ;  6.5300000E+002
 1.5729730E-007 ;  6.3900000E+002
 1.5810811E-007 ;  6.9600000E+002
 1.5891892E-007 ;  6.2100000E+002
 1.5972973E-007 ;  6.8900000E+002
 1.6054054E-007 ;  5.6900000E+002
 1.6135135E-007 ;  6.4100000E+002
 1.6216216E-007 ;  6.1000000E+002
 1.6297297E-007 ;  6.2700000E+002
 1.6378378E-007 ;  6.7000000E+002
 1.6459459E-007 ;  6.8700000E+002
 1.6540541E-007 ;  7.0800000E+002
 1.6621622E-007 ;  6.7400000E+002
 1.6702703E-007 ;  6.7300000E+002
 1.6783784E-007 ;  6.8700000E+002
 1.6864865E-007 ;  6.5100000E+002
 1.6945946E-007 ;  5.9200000E+002
 1.7027027E-007 ;  6.3100000E+002
 1.7108108E-007 ;  6.4200000E+002
 1.7189189E-007 ;  6.6600000E+002
 1.7270270E-007 ;  6.1500000E+002
 1.7351351E-007 ;  6.8200000E+002
 1.7432432E-007 ;  6.7100000E+002
 1.7513514E-007 ;  6.9900000E+002
 1.7594595E-007 ;  6.4200000E+002
 1.7675676E-007 ;  6.1400000E+002
 1.7756757E-007 ;  6.0900000E+002
 1.7837838E-007 ;  6.1300000E+002
 1.7918919E-007 ;  6.6100000E+002
 1.8000000E-007 ;  6.0700000E+002
 1.8081081E-007 ;  6.2700000E+002
 1.8162162E-007 ;  6.3300000E+002
 1.8243243E-007 ;  6.9900000E+002
 1.8324324E-007 ;  6.4100000E+002
 1.8405405E-007 ;  6.4300000E+002
 1.8486486E-007 ;  6.8300000E+002
 1.8567568E-007 ;  6.1400000E+002
 1.8648649E-007 ;  6.2900000E+002
 1.8729730E-007 ;  5.8700000E+002
 1.8810811E-007 ;  6.2400000E+002
 1.8891892E-007 ;  5.9500000E+002
 1.8972973E-007 ;  6.2600000E+002
 1.9054054E-007 ;  6.1700000E+002
 1.9135135E-007 ;  6.4900000E+002
 1.9216216E-007 ;  6.7100000E+002
 1.9297297E-007 ;  6.4600000E+002
 1.9378378E-007 ;  6.5000000E+002
 1.9459459E-007 ;  6.9000000E+002
 1.9540541E-007 ;  6.6000000E+002
 1.9621622E-007 ;  6.2500000E+002
 1.9702703E-007 ;  7.2800000E+002
 1.9783784E-007 ;  1.1690000E+003
 1.9864865E-007 ;  2.1290000E+003
 1.9945946E-007 ;  2.8810000E+003
 2.0027027E-007 ;  3.2610000E+003
 2.0108108E-007 ;  3.2360000E+003
 2.0189189E-007 ;  3.0370000E+003
 2.0270270E-007 ;  2.7480000E+003
 2.0351351E-007 ;  2.5140000E+003
 2.0432432E-007 ;  2.2040000E+003
 2.0513514E-007 ;  2.0300000E+003
 2.0594595E-007 ;  1.8070000E+003
 2.0675676E-007 ;  1.6570000E+003
 2.0756757E-007 ;  1.5730000E+003
 2.0837838E-007 ;  1.3590000E+003
 2.0918919E-007 ;  1.3200000E+003
 2.1000000E-007 ;  1.3480000E+003
 2.1081081E-007 ;  1.3090000E+003
 2.1162162E-007 ;  1.3420000E+003
 2.1243243E-007 ;  1.3350000E+003
 2.1324324E-007 ;  1.1850000E+003
 2.1405405E-007 ;  1.1810000E+003
 2.1486486E-007 ;  1.0070000E+003
 2.1567568E-007 ;  9.4400000E+002
 2.1648649E-007 ;  8.0600000E+002
 2.1729730E-007 ;  7.5300000E+002
 2.1810811E-007 ;  7.0600000E+002
 2.1891892E-007 ;  6.7600000E+002
 2.1972973E-007 ;  7.1800000E+002
 2.2054054E-007 ;  7.8900000E+002
 2.2135135E-007 ;  8.8300000E+002
 2.2216216E-007 ;  9.6000000E+002
 2.2297297E-007 ;  9.5200000E+002
 2.2378378E-007 ;  8.5200000E+002
 2.2459459E-007 ;  8.1600000E+002
 2.2540541E-007 ;  7.9000000E+002
 2.2621622E-007 ;  7.8400000E+002
 2.2702703E-007 ;  7.8800000E+002
 2.2783784E-007 ;  6.9000000E+002
 2.2864865E-007 ;  7.7800000E+002
 2.2945946E-007 ;  7.5000000E+002
 2.3027027E-007 ;  6.9300000E+002
 2.3108108E-007 ;  6.8600000E+002
 2.3189189E-007 ;  6.5000000E+002
 2.3270270E-007 ;  6.4100000E+002
 2.3351351E-007 ;  6.4900000E+002
 2.3432432E-007 ;  6.2900000E+002
 2.3513514E-007 ;  6.6000000E+002
 2.3594595E-007 ;  6.2300000E+002
 2.3675676E-007 ;  6.3700000E+002
 2.3756757E-007 ;  6.8100000E+002
 2.3837838E-007 ;  6.4400000E+002
 2.3918919E-007 ;  6.2200000E+002
 2.4000000E-007 ;  6.2700000E+002
 2.4081081E-007 ;  6.0200000E+002
 2.4162162E-007 ;  5.8600000E+002
 2.4243243E-007 ;  5.4900000E+002
 2.4324324E-007 ;  5.8800000E+002
 2.4405405E-007 ;  5.7600000E+002
 2.4486486E-007 ;  5.7600000E+002
 2.4567568E-007 ;  5.9700000E+002
 2.4648649E-007 ;  6.4600000E+002
 2.4729730E-007 ;  6.0500000E+002
 2.4810811E-007 ;  6.3100000E+002
 2.4891892E-007 ;  5.9600000E+002
 2.4972973E-007 ;  6.1400000E+002
 2.5054054E-007 ;  5.8300000E+002
 2.5135135E-007 ;  5.7700000E+002
 2.5216216E-007 ;  6.1400000E+002
 2.5297297E-007 ;  5.8000000E+002
 2.5378378E-007 ;  6.3400000E+002
 2.5459459E-007 ;  6.1600000E+002
 2.5540541E-007 ;  6.3500000E+002
 2.5621622E-007 ;  6.0800000E+002
 2.5702703E-007 ;  6.3600000E+002
 2.5783784E-007 ;  6.5500000E+002
 2.5864865E-007 ;  5.9500000E+002
 2.5945946E-007 ;  5.8800000E+002
 2.6027027E-007 ;  5.4800000E+002
 2.6108108E-007 ;  5.3900000E+002
 2.6189189E-007 ;  5.5600000E+002
 2.6270270E-007 ;  5.6900000E+002
 2.6351351E-007 ;  5.6100000E+002
 2.6432432E-007 ;  6.5200000E+002
 2.6513514E-007 ;  6.1300000E+002
 2.6594595E-007 ;  5.8800000E+002
 2.6675676E-007 ;  6.5600000E+002
 2.6756757E-007 ;  6.0600000E+002
 2.6837838E-007 ;  6.0200000E+002
 2.6918919E-007 ;  5.9100000E+002
 2.7000000E-007 ;  6.1400000E+002
 2.7081081E-007 ;  6.0800000E+002
 2.7162162E-007 ;  5.7400000E+002
 2.7243243E-007 ;  5.5600000E+002
 2.7324324E-007 ;  5.9600000E+002
 2.7405405E-007 ;  6.0000000E+002
 2.7486486E-007 ;  6.1800000E+002
 2.7567568E-007 ;  6.1400000E+002
 2.7648649E-007 ;  6.2400000E+002
 2.7729730E-007 ;  6.2500000E+002
 2.7810811E-007 ;  6.0200000E+002
 2.7891892E-007 ;  5.7500000E+002
 2.7972973E-007 ;  5.9800000E+002
 2.8054054E-007 ;  6.2900000E+002
 2.8135135E-007 ;  5.8600000E+002
 2.8216216E-007 ;  5.5800000E+002
 2.8297297E-007 ;  5.9200000E+002
 2.8378378E-007 ;  6.3600000E+002
 2.8459459E-007 ;  6.1300000E+002
 2.8540541E-007 ;  6.0700000E+002
 2.8621622E-007 ;  6.1800000E+002
 2.8702703E-007 ;  5.8500000E+002
 2.8783784E-007 ;  5.7400000E+002
 2.8864865E-007 ;  6.2600000E+002
 2.8945946E-007 ;  6.0700000E+002
 2.9027027E-007 ;  5.6000000E+002
 2.9108108E-007 ;  5.5800000E+002
 2.9189189E-007 ;  5.8500000E+002
 2.9270270E-007 ;  5.8800000E+002
 2.9351351E-007 ;  6.2100000E+002
 2.9432432E-007 ;  6.0900000E+002
 2.9513514E-007 ;  6.7100000E+002
 2.9594595E-007 ;  6.1500000E+002
 2.9675676E-007 ;  5.7100000E+002
 2.9756757E-007 ;  5.7900000E+002
 2.9837838E-007 ;  5.5500000E+002
 2.9918919E-007 ;  5.2700000E+002
 3.0000000E-007 ;  5.6400000E+002
 3.0081081E-007 ;  6.2300000E+002
 3.0162162E-007 ;  5.9400000E+002
 3.0243243E-007 ;  5.8000000E+002
 3.0324324E-007 ;  6.7500000E+002
 3.0405405E-007 ;  5.8400000E+002
 3.0486486E-007 ;  5.8700000E+002
 3.0567568E-007 ;  6.0300000E+002
 3.0648649E-007 ;  5.6100000E+002
 3.0729730E-007 ;  6.0800000E+002
 3.0810811E-007 ;  5.8800000E+002
 3.0891892E-007 ;  5.7800000E+002
 3.0972973E-007 ;  5.5700000E+002
 3.1054054E-007 ;  5.9700000E+002
 3.1135135E-007 ;  6.0200000E+002
 3.1216216E-007 ;  6.2500000E+002
 3.1297297E-007 ;  6.2400000E+002
 3.1378378E-007 ;  5.7900000E+002
 3.1459459E-007 ;  6.0500000E+002
 3.1540541E-007 ;  5.8300000E+002
 3.1621622E-007 ;  5.7700000E+002
 3.1702703E-007 ;  5.4400000E+002
 3.1783784E-007 ;  5.6100000E+002
 3.1864865E-007 ;  5.4000000E+002
 3.1945946E-007 ;  5.7900000E+002
 3.2027027E-007 ;  6.1100000E+002
 3.2108108E-007 ;  6.6300000E+002
 3.2189189E-007 ;  8.5700000E+002
 3.2270270E-007 ;  9.0400000E+002
 3.2351351E-007 ;  9.1500000E+002
 3.2432432E-007 ;  8.5400000E+002
 3.2513514E-007 ;  8.0200000E+002
 3.2594595E-007 ;  8.3800000E+002
 3.2675676E-007 ;  7.5100000E+002
 3.2756757E-007 ;  7.1700000E+002
 3.2837838E-007 ;  7.3800000E+002
 3.2918919E-007 ;  7.5900000E+002
 3.3000000E-007 ;  6.9100000E+002
 3.3081081E-007 ;  6.8800000E+002
 3.3162162E-007 ;  7.1900000E+002
 3.3243243E-007 ;  6.3600000E+002
 3.3324324E-007 ;  6.9100000E+002
 3.3405405E-007 ;  6.0100000E+002
 3.3486486E-007 ;  6.7200000E+002
 3.3567568E-007 ;  5.9900000E+002
 3.3648649E-007 ;  6.4100000E+002
 3.3729730E-007 ;  5.9200000E+002
 3.3810811E-007 ;  6.4200000E+002
 3.3891892E-007 ;  6.3800000E+002
 3.3972973E-007 ;  6.3200000E+002
 3.4054054E-007 ;  5.6800000E+002
 3.4135135E-007 ;  5.9300000E+002
 3.4216216E-007 ;  5.5200000E+002
 3.4297297E-007 ;  5.6900000E+002
 3.4378378E-007 ;  5.4800000E+002
 3.4459459E-007 ;  5.5100000E+002
 3.4540541E-007 ;  5.7000000E+002
 3.4621622E-007 ;  6.1700000E+002
 3.4702703E-007 ;  6.2100000E+002
 3.4783784E-007 ;  6.1400000E+002
 3.4864865E-007 ;  6.0600000E+002
 3.4945946E-007 ;  6.1400000E+002
 3.5027027E-007 ;  6.2500000E+002
 3.5108108E-007 ;  5.6400000E+002
 3.5189189E-007 ;  5.4300000E+002
 3.5270270E-007 ;  5.6700000E+002
 3.5351351E-007 ;  5.0000000E+002
 3.5432432E-007 ;  5.8800000E+002
 3.5513514E-007 ;  5.1800000E+002
 3.5594595E-007 ;  5.9400000E+002
 3.5675676E-007 ;  5.7200000E+002
 3.5756757E-007 ;  5.7000000E+002
 3.5837838E-007 ;  5.8900000E+002
 3.5918919E-007 ;  5.6900000E+002
 3.6000000E-007 ;  5.8600000E+002
 3.6081081E-007 ;  5.5900000E+002
 3.6162162E-007 ;  5.3200000E+002
 3.6243243E-007 ;  5.3600000E+002
 3.6324324E-007 ;  5.5500000E+002
 3.6405405E-007 ;  5.6400000E+002
 3.6486486E-007 ;  5.8300000E+002
 3.6567568E-007 ;  5.4800000E+002
 3.6648649E-007 ;  6.0800000E+002
 3.6729730E-007 ;  6.0600000E+002
 3.6810811E-007 ;  6.1900000E+002
 3.6891892E-007 ;  5.6400000E+002
 3.6972973E-007 ;  5.7400000E+002
 3.7054054E-007 ;  5.7900000E+002
 3.7135135E-007 ;  5.7700000E+002
 3.7216216E-007 ;  5.7600000E+002
 3.7297297E-007 ;  5.3600000E+002
 3.7378378E-007 ;  5.6600000E+002
 3.7459459E-007 ;  5.9500000E+002
 3.7540541E-007 ;  5.7700000E+002
 3.7621622E-007 ;  6.4000000E+002
 3.7702703E-007 ;  6.0200000E+002
 3.7783784E-007 ;  6.2600000E+002
 3.7864865E-007 ;  5.5900000E+002
 3.7945946E-007 ;  5.9600000E+002
 3.8027027E-007 ;  5.7800000E+002
 3.8108108E-007 ;  5.7500000E+002
 3.8189189E-007 ;  5.3200000E+002
 3.8270270E-007 ;  5.8400000E+002
 3.8351351E-007 ;  5.8200000E+002
 3.8432432E-007 ;  5.8400000E+002
 3.8513514E-007 ;  5.7800000E+002
 3.8594595E-007 ;  5.9800000E+002
 3.8675676E-007 ;  5.8300000E+002
 3.8756757E-007 ;  5.8600000E+002
 3.8837838E-007 ;  5.7500000E+002
 3.8918919E-007 ;  5.8800000E+002
 3.9000000E-007 ;  5.6200000E+002
 3.9081081E-007 ;  5.8800000E+002
 3.9162162E-007 ;  5.6700000E+002
 3.9243243E-007 ;  5.9100000E+002
 3.9324324E-007 ;  5.8600000E+002
 3.9405405E-007 ;  5.5500000E+002
 3.9486486E-007 ;  6.1200000E+002
 3.9567568E-007 ;  6.3600000E+002
 3.9648649E-007 ;  6.1200000E+002
 3.9729730E-007 ;  5.6400000E+002
 3.9810811E-007 ;  5.9100000E+002
 3.9891892E-007 ;  5.4500000E+002
 3.9972973E-007 ;  5.4900000E+002
 4.0054054E-007 ;  5.8400000E+002
 4.0135135E-007 ;  5.5600000E+002
 4.0216216E-007 ;  5.7300000E+002
 4.0297297E-007 ;  5.5900000E+002
 4.0378378E-007 ;  6.1500000E+002
 4.0459459E-007 ;  6.2700000E+002
 4.0540541E-007 ;  6.0100000E+002
 4.0621622E-007 ;  5.8500000E+002
 4.0702703E-007 ;  5.7600000E+002
 4.0783784E-007 ;  5.6200000E+002
 4.0864865E-007 ;  6.1200000E+002
 4.0945946E-007 ;  5.2900000E+002
 4.1027027E-007 ;  5.5700000E+002
 4.1108108E-007 ;  5.8100000E+002
 4.1189189E-007 ;  6.2100000E+002
 4.1270270E-007 ;  5.9000000E+002
 4.1351351E-007 ;  5.7200000E+002
 4.1432432E-007 ;  5.9300000E+002
 4.1513514E-007 ;  5.9400000E+002
 4.1594595E-007 ;  6.2300000E+002
 4.1675676E-007 ;  5.7400000E+002
 4.1756757E-007 ;  5.5400000E+002
 4.1837838E-007 ;  5.5000000E+002
 4.1918919E-007 ;  5.5600000E+002
 4.2000000E-007 ;  6.0200000E+002
 4.2081081E-007 ;  5.9400000E+002
 4.2162162E-007 ;  5.8100000E+002
 4.2243243E-007 ;  6.1300000E+002
 4.2324324E-007 ;  6.2400000E+002
 4.2405405E-007 ;  5.8500000E+002
 4.2486486E-007 ;  5.4000000E+002
 4.2567568E-007 ;  5.8000000E+002
 4.2648649E-007 ;  5.7900000E+002
 4.2729730E-007 ;  5.2400000E+002
 4.2810811E-007 ;  5.3000000E+002
 4.2891892E-007 ;  5.3500000E+002
 4.2972973E-007 ;  5.6800000E+002
 4.3054054E-007 ;  6.3000000E+002
 4.3135135E-007 ;  5.8900000E+002
 4.3216216E-007 ;  5.9900000E+002
 4.3297297E-007 ;  6.0800000E+002
 4.3378378E-007 ;  6.2600000E+002
 4.3459459E-007 ;  5.3000000E+002
 4.3540541E-007 ;  5.5900000E+002
 4.3621622E-007 ;  5.6900000E+002
 4.3702703E-007 ;  5.6000000E+002
 4.3783784E-007 ;  5.6600000E+002
 4.3864865E-007 ;  5.7000000E+002
 4.3945946E-007 ;  5.6800000E+002
 4.4027027E-007 ;  6.1600000E+002
 4.4108108E-007 ;  6.1700000E+002
 4.4189189E-007 ;  5.9800000E+002
 4.4270270E-007 ;  5.8200000E+002
 4.4351351E-007 ;  5.9700000E+002
 4.4432432E-007 ;  5.6600000E+002
 4.4513514E-007 ;  5.7400000E+002
 4.4594595E-007 ;  5.4300000E+002
 4.4675676E-007 ;  5.9100000E+002
 4.4756757E-007 ;  5.5400000E+002
 4.4837838E-007 ;  5.4900000E+002
 4.4918919E-007 ;  6.0500000E+002
 4.5000000E-007 ;  6.2200000E+002
 4.5081081E-007 ;  6.4700000E+002
 4.5162162E-007 ;  5.5000000E+002
 4.5243243E-007 ;  5.8200000E+002
 4.5324324E-007 ;  5.6500000E+002
 4.5405405E-007 ;  5.4900000E+002
 4.5486486E-007 ;  5.5000000E+002
 4.5567568E-007 ;  5.6400000E+002
 4.5648649E-007 ;  5.6800000E+002
 4.5729730E-007 ;  5.9000000E+002
 4.5810811E-007 ;  6.1800000E+002
 4.5891892E-007 ;  5.8900000E+002
 4.5972973E-007 ;  6.4300000E+002
 4.6054054E-007 ;  5.8600000E+002
 4.6135135E-007 ;  6.0300000E+002
 4.6216216E-007 ;  5.5500000E+002
 4.6297297E-007 ;  5.3500000E+002
 4.6378378E-007 ;  5.3200000E+002
 4.6459459E-007 ;  5.7200000E+002
 4.6540541E-007 ;  5.5400000E+002
 4.6621622E-007 ;  5.4500000E+002
 4.6702703E-007 ;  5.8200000E+002
 4.6783784E-007 ;  5.9000000E+002
 4.6864865E-007 ;  5.6800000E+002
 4.6945946E-007 ;  6.1900000E+002
 4.7027027E-007 ;  5.4600000E+002
 4.7108108E-007 ;  5.6900000E+002
 4.7189189E-007 ;  5.4400000E+002
 4.7270270E-007 ;  5.5500000E+002
 4.7351351E-007 ;  5.1500000E+002
 4.7432432E-007 ;  5.3800000E+002
 4.7513514E-007 ;  5.4600000E+002
 4.7594595E-007 ;  5.7500000E+002
 4.7675676E-007 ;  5.6700000E+002
 4.7756757E-007 ;  5.6200000E+002
 4.7837838E-007 ;  5.6200000E+002
 4.7918919E-007 ;  5.6900000E+002
 4.8000000E-007 ;  5.4300000E+002
 4.8081081E-007 ;  6.0800000E+002
 4.8162162E-007 ;  5.7800000E+002
 4.8243243E-007 ;  5.9800000E+002
 4.8324324E-007 ;  5.4000000E+002
 4.8405405E-007 ;  5.3300000E+002
 4.8486486E-007 ;  6.1000000E+002
 4.8567568E-007 ;  5.5700000E+002
 4.8648649E-007 ;  6.2500000E+002
 4.8729730E-007 ;  5.7400000E+002
 4.8810811E-007 ;  6.4600000E+002
 4.8891892E-007 ;  6.3000000E+002
 4.8972973E-007 ;  5.7600000E+002
 4.9054054E-007 ;  5.7800000E+002
 4.9135135E-007 ;  5.4000000E+002
 4.9216216E-007 ;  5.8200000E+002
 4.9297297E-007 ;  5.6600000E+002
 4.9378378E-007 ;  5.6500000E+002
 4.9459459E-007 ;  6.0400000E+002
 4.9540541E-007 ;  6.0800000E+002
 4.9621622E-007 ;  5.7200000E+002
 4.9702703E-007 ;  6.0200000E+002
 4.9783784E-007 ;  6.0900000E+002
 4.9864865E-007 ;  5.6900000E+002
 4.9945946E-007 ;  5.4300000E+002
 5.0027027E-007 ;  5.2400000E+002
 5.0108108E-007 ;  5.7100000E+002
 5.0189189E-007 ;  5.5000000E+002
 5.0270270E-007 ;  6.1500000E+002
 5.0351351E-007 ;  5.8100000E+002
 5.0432432E-007 ;  5.7300000E+002
 5.0513514E-007 ;  5.3400000E+002
 5.0594595E-007 ;  6.0100000E+002
 5.0675676E-007 ;  5.7200000E+002
 5.0756757E-007 ;  6.1800000E+002
 5.0837838E-007 ;  5.5400000E+002
 5.0918919E-007 ;  5.6100000E+002
 5.1000000E-007 ;  5.4700000E+002
 5.1081081E-007 ;  5.3800000E+002
 5.1162162E-007 ;  5.7300000E+002
 5.1243243E-007 ;  5.8300000E+002
 5.1324324E-007 ;  6.1300000E+002
 5.1405405E-007 ;  5.7900000E+002
 5.1486486E-007 ;  6.1200000E+002
 5.1567568E-007 ;  6.2600000E+002
 5.1648649E-007 ;  6.0200000E+002
 5.1729730E-007 ;  5.8700000E+002
 5.1810811E-007 ;  5.4100000E+002
 5.1891892E-007 ;  5.5700000E+002
 5.1972973E-007 ;  5.7200000E+002
 5.2054054E-007 ;  5.8600000E+002
 5.2135135E-007 ;  5.8200000E+002
 5.2216216E-007 ;  5.9700000E+002
 5.2297297E-007 ;  6.0800000E+002
 5.2378378E-007 ;  6.1600000E+002
 5.2459459E-007 ;  5.9700000E+002
 5.2540541E-007 ;  6.0300000E+002
 5.2621622E-007 ;  5.9400000E+002
 5.2702703E-007 ;  5.1900000E+002
 5.2783784E-007 ;  5.4800000E+002
 5.2864865E-007 ;  5.4400000E+002
 5.2945946E-007 ;  5.8500000E+002
 5.3027027E-007 ;  5.4600000E+002
 5.3108108E-007 ;  5.9300000E+002
 5.3189189E-007 ;  5.9500000E+002
 5.3270270E-007 ;  6.0500000E+002
 5.3351351E-007 ;  5.9500000E+002
 5.3432432E-007 ;  5.9600000E+002
 5.3513514E-007 ;  5.5900000E+002
 5.3594595E-007 ;  6.1300000E+002
 5.3675676E-007 ;  5.8200000E+002
 5.3756757E-007 ;  5.4400000E+002
 5.3837838E-007 ;  5.4500000E+002
 5.3918919E-007 ;  5.8000000E+002
 5.4000000E-007 ;  5.9700000E+002
 5.4081081E-007 ;  5.6400000E+002
 5.4162162E-007 ;  5.7600000E+002
 5.4243243E-007 ;  6.4600000E+002
 5.4324324E-007 ;  5.8800000E+002
 5.4405405E-007 ;  5.6000000E+002
 5.4486486E-007 ;  5.2900000E+002
 5.4567568E-007 ;  5.4600000E+002
 5.4648649E-007 ;  5.3900000E+002
 5.4729730E-007 ;  5.3100000E+002
 5.4810811E-007 ;  5.7200000E+002
 5.4891892E-007 ;  5.8700000E+002
 5.4972973E-007 ;  5.9700000E+002
 5.5054054E-007 ;  6.0600000E+002
 5.5135135E-007 ;  5.7000000E+002
 5.5216216E-007 ;  5.7800000E+002
 5.5297297E-007 ;  5.6700000E+002
 5.5378378E-007 ;  5.4500000E+002
 5.5459459E-007 ;  5.7900000E+002
 5.5540541E-007 ;  5.5000000E+002
 5.5621622E-007 ;  5.0700000E+002
 5.5702703E-007 ;  5.6500000E+002
 5.5783784E-007 ;  5.3200000E+002
 5.5864865E-007 ;  5.9200000E+002
 5.5945946E-007 ;  5.6600000E+002
 5.6027027E-007 ;  6.1500000E+002
 5.6108108E-007 ;  6.2600000E+002
 5.6189189E-007 ;  5.6500000E+002
 5.6270270E-007 ;  5.8200000E+002
 5.6351351E-007 ;  5.6100000E+002
 5.6432432E-007 ;  5.1600000E+002
 5.6513514E-007 ;  5.4700000E+002
 5.6594595E-007 ;  5.7000000E+002
 5.6675676E-007 ;  5.3100000E+002
 5.6756757E-007 ;  5.9100000E+002
 5.6837838E-007 ;  5.9800000E+002
 5.6918919E-007 ;  6.3000000E+002
 5.7000000E-007 ;  5.6700000E+002
 5.7081081E-007 ;  5.7900000E+002
 5.7162162E-007 ;  6.2200000E+002
 5.7243243E-007 ;  5.8600000E+002
 5.7324324E-007 ;  5.8200000E+002
 5.7405405E-007 ;  5.2100000E+002
 5.7486486E-007 ;  5.3600000E+002
 5.7567568E-007 ;  5.4800000E+002
 5.7648649E-007 ;  4.9700000E+002
 5.7729730E-007 ;  5.5300000E+002
 5.7810811E-007 ;  5.2000000E+002
 5.7891892E-007 ;  6.3700000E+002
 5.7972973E-007 ;  5.2700000E+002
 5.8054054E-007 ;  5.9000000E+002
 5.8135135E-007 ;  5.6000000E+002
 5.8216216E-007 ;  5.8200000E+002
 5.8297297E-007 ;  5.4200000E+002
 5.8378378E-007 ;  5.5000000E+002
 5.8459459E-007 ;  5.8000000E+002
 5.8540541E-007 ;  5.9000000E+002
 5.8621622E-007 ;  5.9600000E+002
 5.8702703E-007 ;  5.6300000E+002
 5.8783784E-007 ;  5.7200000E+002
 5.8864865E-007 ;  5.8500000E+002
 5.8945946E-007 ;  5.9000000E+002
 5.9027027E-007 ;  5.5400000E+002
 5.9108108E-007 ;  5.7900000E+002
 5.9189189E-007 ;  5.9700000E+002
 5.9270270E-007 ;  5.5500000E+002
 5.9351351E-007 ;  5.3400000E+002
 5.9432432E-007 ;  5.9700000E+002
 5.9513514E-007 ;  5.6900000E+002
 5.9594595E-007 ;  5.4900000E+002
 5.9675676E-007 ;  6.5200000E+002
 5.9756757E-007 ;  5.7200000E+002
 5.9837838E-007 ;  6.1300000E+002
 5.9918919E-007 ;  5.8500000E+002
 6.0000000E-007 ;  5.7000000E+002
 6.0081081E-007 ;  5.4300000E+002
 6.0162162E-007 ;  5.4900000E+002
 6.0243243E-007 ;  5.7200000E+002
 6.0324324E-007 ;  5.2200000E+002
 6.0405405E-007 ;  5.4800000E+002
 6.0486486E-007 ;  6.1800000E+002
 6.0567568E-007 ;  5.9400000E+002
 6.0648649E-007 ;  5.6100000E+002
 6.0729730E-007 ;  5.9100000E+002
 6.0810811E-007 ;  5.9300000E+002
 6.0891892E-007 ;  5.6000000E+002
 6.0972973E-007 ;  5.7700000E+002
 6.1054054E-007 ;  5.5400000E+002
 6.1135135E-007 ;  5.1900000E+002
 6.1216216E-007 ;  5.7400000E+002
 6.1297297E-007 ;  5.7100000E+002
 6.1378378E-007 ;  5.3000000E+002
 6.1459459E-007 ;  5.5900000E+002
 6.1540541E-007 ;  5.5600000E+002
 6.1621622E-007 ;  6.0600000E+002
 6.1702703E-007 ;  6.2300000E+002
 6.1783784E-007 ;  5.5400000E+002
 6.1864865E-007 ;  5.8200000E+002
 6.1945946E-007 ;  5.9000000E+002
 6.2027027E-007 ;  5.5700000E+002
 6.2108108E-007 ;  5.7900000E+002
 6.2189189E-007 ;  4.8100000E+002
 6.2270270E-007 ;  5.4400000E+002
 6.2351351E-007 ;  5.5400000E+002
 6.2432432E-007 ;  5.9900000E+002
 6.2513514E-007 ;  6.2400000E+002
 6.2594595E-007 ;  6.0900000E+002
 6.2675676E-007 ;  5.5700000E+002
 6.2756757E-007 ;  5.7200000E+002
 6.2837838E-007 ;  5.5800000E+002
 6.2918919E-007 ;  5.6600000E+002
 6.3000000E-007 ;  5.5400000E+002
 6.3081081E-007 ;  5.4500000E+002
 6.3162162E-007 ;  5.8200000E+002
 6.3243243E-007 ;  5.3400000E+002
 6.3324324E-007 ;  6.1800000E+002
 6.3405405E-007 ;  5.5000000E+002
 6.3486486E-007 ;  6.2700000E+002
 6.3567568E-007 ;  5.3900000E+002
 6.3648649E-007 ;  5.5700000E+002
 6.3729730E-007 ;  5.4000000E+002
 6.3810811E-007 ;  5.3500000E+002
 6.3891892E-007 ;  5.5100000E+002
 6.3972973E-007 ;  5.5500000E+002
 6.4054054E-007 ;  5.7900000E+002
 6.4135135E-007 ;  6.1200000E+002
 6.4216216E-007 ;  5.5800000E+002
 6.4297297E-007 ;  5.5600000E+002
 6.4378378E-007 ;  5.7800000E+002
 6.4459459E-007 ;  5.6900000E+002
 6.4540541E-007 ;  5.7300000E+002
 6.4621622E-007 ;  5.2300000E+002
 6.4702703E-007 ;  5.5300000E+002
 6.4783784E-007 ;  5.3700000E+002
 6.4864865E-007 ;  5.2900000E+002
 6.4945946E-007 ;  5.3500000E+002
 6.5027027E-007 ;  5.3700000E+002
 6.5108108E-007 ;  5.6700000E+002
 6.5189189E-007 ;  5.8300000E+002
 6.5270270E-007 ;  5.8700000E+002
 6.5351351E-007 ;  5.9800000E+002
 6.5432432E-007 ;  5.5700000E+002
 6.5513514E-007 ;  6.1500000E+002
 6.5594595E-007 ;  5.5900000E+002
 6.5675676E-007 ;  5.3600000E+002
 6.5756757E-007 ;  5.3500000E+002
 6.5837838E-007 ;  5.4000000E+002
 6.5918919E-007 ;  5.5500000E+002
 6.6000000E-007 ;  5.4100000E+002
 6.6081081E-007 ;  5.8900000E+002
 6.6162162E-007 ;  5.8500000E+002
 6.6243243E-007 ;  6.0600000E+002
 6.6324324E-007 ;  5.9500000E+002
 6.6405405E-007 ;  5.5200000E+002
 6.6486486E-007 ;  5.5200000E+002
 6.6567568E-007 ;  5.4200000E+002
 6.6648649E-007 ;  5.2100000E+002
 6.6729730E-007 ;  5.4400000E+002
 6.6810811E-007 ;  5.7700000E+002
 6.6891892E-007 ;  5.5500000E+002
 6.6972973E-007 ;  5.7500000E+002
 6.7054054E-007 ;  6.0500000E+002
 6.7135135E-007 ;  5.3700000E+002
 6.7216216E-007 ;  6.1900000E+002
 6.7297297E-007 ;  5.4000000E+002
 6.7378378E-007 ;  5.7200000E+002
 6.7459459E-007 ;  5.1500000E+002
 6.7540541E-007 ;  5.2700000E+002
 6.7621622E-007 ;  5.5200000E+002
 6.7702703E-007 ;  5.7600000E+002
 6.7783784E-007 ;  5.2400000E+002
 6.7864865E-007 ;  5.8100000E+002
 6.7945946E-007 ;  5.5000000E+002
 6.8027027E-007 ;  5.5300000E+002
 6.8108108E-007 ;  5.7900000E+002
 6.8189189E-007 ;  5.5200000E+002
 6.8270270E-007 ;  5.6800000E+002
 6.8351351E-007 ;  6.0300000E+002
 6.8432432E-007 ;  5.8900000E+002
 6.8513514E-007 ;  5.5800000E+002
 6.8594595E-007 ;  5.8300000E+002
 6.8675676E-007 ;  5.6800000E+002
 6.8756757E-007 ;  5.8500000E+002
 6.8837838E-007 ;  5.4700000E+002
 6.8918919E-007 ;  5.8000000E+002
 6.9000000E-007 ;  5.6900000E+002
 6.9081081E-007 ;  5.2200000E+002
 6.9162162E-007 ;  6.0500000E+002
 6.9243243E-007 ;  5.5900000E+002
 6.9324324E-007 ;  5.5700000E+002
 6.9405405E-007 ;  5.4800000E+002
 6.9486486E-007 ;  5.6000000E+002
 6.9567568E-007 ;  5.5600000E+002
 6.9648649E-007 ;  5.5200000E+002
 6.9729730E-007 ;  6.1300000E+002
 6.9810811E-007 ;  5.6600000E+002
 6.9891892E-007 ;  5.8200000E+002
 6.9972973E-007 ;  6.0300000E+002
 7.0054054E-007 ;  5.8500000E+002
 7.0135135E-007 ;  5.6900000E+002
 7.0216216E-007 ;  5.7100000E+002
 7.0297297E-007 ;  5.2100000E+002
 7.0378378E-007 ;  5.5900000E+002
 7.0459459E-007 ;  5.1800000E+002
 7.0540541E-007 ;  5.6600000E+002
 7.0621622E-007 ;  5.8200000E+002
 7.0702703E-007 ;  5.7100000E+002
 7.0783784E-007 ;  5.8000000E+002
 7.0864865E-007 ;  5.5400000E+002
 7.0945946E-007 ;  5.8100000E+002
 7.1027027E-007 ;  5.6500000E+002
 7.1108108E-007 ;  5.6700000E+002
 7.1189189E-007 ;  5.6800000E+002
 7.1270270E-007 ;  5.3200000E+002
 7.1351351E-007 ;  5.8400000E+002
 7.1432432E-007 ;  5.6200000E+002
 7.1513514E-007 ;  5.2300000E+002
 7.1594595E-007 ;  5.6600000E+002
 7.1675676E-007 ;  6.0800000E+002
 7.1756757E-007 ;  5.2400000E+002
 7.1837838E-007 ;  5.7600000E+002
 7.1918919E-007 ;  5.6400000E+002
 7.2000000E-007 ;  5.2300000E+002
 7.2081081E-007 ;  5.0100000E+002
 7.2162162E-007 ;  5.3700000E+002
 7.2243243E-007 ;  5.3500000E+002
 7.2324324E-007 ;  5.6600000E+002
 7.2405405E-007 ;  5.7400000E+002
 7.2486486E-007 ;  5.6200000E+002
 7.2567568E-007 ;  5.2100000E+002
 7.2648649E-007 ;  6.0800000E+002
 7.2729730E-007 ;  6.0000000E+002
 7.2810811E-007 ;  5.8500000E+002
 7.2891892E-007 ;  5.5900000E+002
 7.2972973E-007 ;  5.5700000E+002
 7.3054054E-007 ;  5.2200000E+002
 7.3135135E-007 ;  5.4300000E+002
 7.3216216E-007 ;  5.3300000E+002
 7.3297297E-007 ;  5.5500000E+002
 7.3378378E-007 ;  5.9700000E+002
 7.3459459E-007 ;  6.1600000E+002
 7.3540541E-007 ;  5.8500000E+002
 7.3621622E-007 ;  5.6800000E+002
 7.3702703E-007 ;  5.6300000E+002
 7.3783784E-007 ;  5.5500000E+002
 7.3864865E-007 ;  5.1800000E+002
 7.3945946E-007 ;  5.5500000E+002
 7.4027027E-007 ;  5.5600000E+002
 7.4108108E-007 ;  5.5900000E+002
 7.4189189E-007 ;  5.4400000E+002
 7.4270270E-007 ;  5.3100000E+002
 7.4351351E-007 ;  5.4500000E+002
 7.4432432E-007 ;  5.6100000E+002
 7.4513514E-007 ;  5.9000000E+002
 7.4594595E-007 ;  5.7000000E+002
 7.4675676E-007 ;  5.5800000E+002
 7.4756757E-007 ;  5.4800000E+002
 7.4837838E-007 ;  5.2500000E+002
 7.4918919E-007 ;  5.5100000E+002
 7.5000000E-007 ;  5.6000000E+002
 7.5081081E-007 ;  5.0100000E+002
 7.5162162E-007 ;  5.7400000E+002
 7.5243243E-007 ;  5.8400000E+002
 7.5324324E-007 ;  5.8600000E+002
 7.5405405E-007 ;  5.4700000E+002
 7.5486486E-007 ;  5.3400000E+002
 7.5567568E-007 ;  5.2600000E+002
 7.5648649E-007 ;  5.5500000E+002
 7.5729730E-007 ;  5.3800000E+002
 7.5810811E-007 ;  5.6500000E+002
 7.5891892E-007 ;  5.5800000E+002
 7.5972973E-007 ;  5.1100000E+002
 7.6054054E-007 ;  5.3000000E+002
 7.6135135E-007 ;  5.2200000E+002
 7.6216216E-007 ;  5.9100000E+002
 7.6297297E-007 ;  5.4700000E+002
 7.6378378E-007 ;  5.6700000E+002
 7.6459459E-007 ;  5.1600000E+002
 7.6540541E-007 ;  5.4700000E+002
 7.6621622E-007 ;  5.9000000E+002
 7.6702703E-007 ;  4.9500000E+002
 7.6783784E-007 ;  5.3600000E+002
 7.6864865E-007 ;  5.3600000E+002
 7.6945946E-007 ;  5.0700000E+002
 7.7027027E-007 ;  5.8300000E+002
 7.7108108E-007 ;  6.0500000E+002
 7.7189189E-007 ;  5.8600000E+002
 7.7270270E-007 ;  5.6400000E+002
 7.7351351E-007 ;  5.4200000E+002
 7.7432432E-007 ;  5.0100000E+002
 7.7513514E-007 ;  5.4900000E+002
 7.7594595E-007 ;  5.2600000E+002
 7.7675676E-007 ;  5.4500000E+002
 7.7756757E-007 ;  5.9000000E+002
 7.7837838E-007 ;  5.5600000E+002
 7.7918919E-007 ;  5.2500000E+002
 7.8000000E-007 ;  6.0000000E+002
 7.8081081E-007 ;  5.9700000E+002
 7.8162162E-007 ;  6.1400000E+002
 7.8243243E-007 ;  5.5000000E+002
 7.8324324E-007 ;  5.7200000E+002
 7.8405405E-007 ;  5.6700000E+002
 7.8486486E-007 ;  5.1700000E+002
 7.8567568E-007 ;  5.4700000E+002
 7.8648649E-007 ;  4.9200000E+002
 7.8729730E-007 ;  5.6500000E+002
 7.8810811E-007 ;  5.5200000E+002
 7.8891892E-007 ;  5.5700000E+002
 7.8972973E-007 ;  5.7400000E+002
 7.9054054E-007 ;  5.5200000E+002
 7.9135135E-007 ;  5.9600000E+002
 7.9216216E-007 ;  5.3300000E+002
 7.9297297E-007 ;  5.8500000E+002
 7.9378378E-007 ;  5.3100000E+002
 7.9459459E-007 ;  5.2500000E+002
 7.9540541E-007 ;  5.3000000E+002
 7.9621622E-007 ;  5.6600000E+002
 7.9702703E-007 ;  5.4300000E+002
 7.9783784E-007 ;  5.4800000E+002
 7.9864865E-007 ;  5.7300000E+002
 7.9945946E-007 ;  6.2600000E+002
 8.0027027E-007 ;  5.9000000E+002
 8.0108108E-007 ;  6.2100000E+002
 8.0189189E-007 ;  5.4200000E+002
 8.0270270E-007 ;  5.4900000E+002
 8.0351351E-007 ;  5.6500000E+002
 8.0432432E-007 ;  5.2100000E+002
 8.0513514E-007 ;  5.2100000E+002
 8.0594595E-007 ;  5.2900000E+002
 8.0675676E-007 ;  5.6200000E+002
 8.0756757E-007 ;  5.1100000E+002
 8.0837838E-007 ;  5.6600000E+002
 8.0918919E-007 ;  6.0500000E+002
 8.1000000E-007 ;  5.3600000E+002
